N=130!!
I=1,04 A!!
mV till Gauss=4,92!!

B(x,0,0) och B(0,0,z), Bz-led
x	z	Värde
0	0	27,6
2	0	27,7
4	0	28,6
6	0	30,5
8	0	33,4
10	0	39,7
12	0	47,0
0	2	25,5
0	4	22,8
0	6	19,7
0	8	16,6
0	10	13,7
0	12	11,4
0	14	9,3
0	16	7,7
0	18	6,3
0	20	5,1
0	22	4,2
0	24	3,5
0	26	2,8
0	28	2,4
0	30	1,9
0	32	1,6
0	34	1,3
0	36	1,1
0	38	1,0
0	40	0,8
0	42	0,6
0	44	0,5
0	46	0,3
0	48	0,2
0	50	0,1
0	0	26,3
0	-2	27,0
0	-4	26,3
0	-6	24,4
0	-8	20,0
0	-10	18,8
0	-12	15,8
0	-14	13,0
0	-16	10,7
0	-18	8,7
0	-20	7,1

B(x,0,z), Bz-led
Bz	0	2	4	6	8	10	12
0	26,8	27,0	28,0	30,0	32,8	38,4	46,2
5	20,9	21,0	21,1	20,9	20,7	19,6	17,1
10	13,7	13,5	13,3	12,5	11,6	10,2	8,6
15	8,2	8,0	7,8	7,2	6,6	5,8	5,0
20	4,9	4,8	4,7	4,3	3,9	3,5	2,9
25	3,0	3,0	2,8	2,7	2,5	2,3	2,0
30	1,9	1,8	1,8	1,7	1,6	1,4	1,2

B(x,0,0), Bx-led
0	0
2	0,7
4	1,5
6	2,7
8	4,3
10	7,7
12	15,5
14	43,2
16	73,1
18	21,5
20	8,0
22	4,2
24	2,3
